0,368
0,386
0,314
154,3
154,4
141,1
141,3
0,371
0,363
0,407
0,361
0,313
0,367
0,333
0,332
0,393
188,1
188,5
0,442
194,4
192,1
192,4
0,300
0,299
0,298
0,297
0,296
0,295
0,294
0,293
0,292
0,291
0,290
0,289
0,288
0,287
0,286
0,285
0,284
0,283
0,282
0,281
0,280
0,279
0,278
0,277
0,276
0,275
0,274
0,273
0,272
0,271
0,270
0,269
0,268
0,267
0,266
0,265
0,264
0,263
0,262
0,261
0,260
0,259
0,258
0,257
0,256
0,255
0,254
0,253
0,252
0,251
0,250
0,249
0,248
0,247
0,246
0,245
0,244
0,242
0,241
0,240
0,239
0,238
0,237
0,236
0,235
0,234
0,233
0,232
0,231
0,230
0,229
0,228
0,227
0,226
0,225
0,224
0,223
0,222
0,221
0,220
0,219
0,218
0,217
0,216
0,215
0,209
0,208
0,391
0,207
0,206
0,205
0,204
0,203
0,202
0,201
0,200
0,199
0,198
0,197
0,196
0,195
0,194
0,193
0,192
0,63
0,62
0,61
0,60
0,59
0,58
0,57
0,56
0,55
0,54
0,53
0,52
0,51
0,50
0,49
0,48
0,47
0,46
0,45
0,6
0,214
0,446
0,213
186,5
0,398
0,212
184,9
184,8
184,7
184,5
0,397
184,1
184,4
157,3
157,1
157,4
200,3
200,1
200,4
187,3
199,11
163,8
163,10
182,3
173,3
195,1
195,4
197,3
197,1
197,4
184,6
0,211
0,378
199,12
199,13
199,14
195,7
195,3
195,5
195,9
195,8
199,15
195,6
184,15
184,14
184,13
184,12
184,11
184,10
184,3
163,9
163,3
163,4
0,210
0,309
0,1
0,341
0,322
0,0
162,6
162,5
162,1
162,4
162,3
186,10
186,9
186,8
186,3
196,3
186,1
175,6
175,5
186,4
175,1
175,4
175,3
196,1
196,4
155,3
154,1
0,370
0,320
0,408
0,343
194,3
192,3
185,3
194,1
199,1
199,3
163,1
158,1
158,3
158,0
120,1
120,3
120,0
170,1
170,3
170,0
177,1
177,3
177,0
155,1
